N2d(1e10percmsq)	musurface	mubg	muir	mutotal(1e6cm^2/Vs)
2.000000e+00	2.625940e+00	8.579582e-01	8.155623e+00	5.991652e-01
2.500000e+00	3.688583e+00	1.003899e+00	6.702079e+00	7.060000e-01
3.000000e+00	4.863183e+00	1.147680e+00	5.746440e+00	7.993792e-01
3.500000e+00	6.139575e+00	1.290562e+00	5.072941e+00	8.811671e-01
4.000000e+00	7.509851e+00	1.433303e+00	4.574614e+00	9.528841e-01
4.500000e+00	8.967634e+00	1.576385e+00	4.192464e+00	1.015849e+00
5.000000e+00	1.050764e+01	1.720126e+00	3.891313e+00	1.071233e+00
5.500000e+00	1.212541e+01	1.864744e+00	3.648897e+00	1.120080e+00
6.000000e+00	1.381710e+01	2.010387e+00	3.450441e+00	1.163320e+00
6.500000e+00	1.557936e+01	2.157159e+00	3.285763e+00	1.201774e+00
7.000000e+00	1.740926e+01	2.305132e+00	3.147613e+00	1.236160e+00
7.500000e+00	1.930415e+01	2.454355e+00	3.030693e+00	1.267108e+00
8.000000e+00	2.126170e+01	2.604862e+00	2.931042e+00	1.295159e+00
8.500000e+00	2.327977e+01	2.756675e+00	2.845635e+00	1.320782e+00
9.000000e+00	2.535643e+01	2.909804e+00	2.772127e+00	1.344380e+00
9.500000e+00	2.748991e+01	3.064257e+00	2.708668e+00	1.366297e+00
1.000000e+01	2.967858e+01	3.220033e+00	2.653782e+00	1.386826e+00
1.100000e+01	3.421563e+01	3.535540e+00	2.565168e+00	1.424691e+00
1.200000e+01	3.895684e+01	3.856269e+00	2.499067e+00	1.459563e+00
1.300000e+01	4.389286e+01	4.182136e+00	2.450484e+00	1.492587e+00
1.400000e+01	4.901547e+01	4.513042e+00	2.415843e+00	1.524586e+00
1.500000e+01	5.431739e+01	4.848879e+00	2.392514e+00	1.556144e+00
1.600000e+01	5.979208e+01	5.189539e+00	2.378508e+00	1.587676e+00
1.700000e+01	6.543365e+01	5.534910e+00	2.372294e+00	1.619468e+00
1.800000e+01	7.123674e+01	5.884883e+00	2.372664e+00	1.651714e+00
1.900000e+01	7.719649e+01	6.239354e+00	2.378646e+00	1.684539e+00
2.000000e+01	8.330840e+01	6.598219e+00	2.389451e+00	1.718019e+00
